-5 61.2082
-4.95 148.438
-4.9 62.2992
-4.85 -81.1527
-4.8 -143.956
-4.75 -93.5642
-4.7 12.3955
-4.65 101.741
-4.6 137.322
-4.55 121.064
-4.5 74.6942
-4.45 20.8727
-4.4 -25.8776
-4.35 -59.8724
-4.3 -81.2095
-4.25 -92.3699
-4.2 -95.8636
-4.15 -93.0309
-4.1 -83.6802
-4.05 -66.333
-4 -39.0938
-3.95 -1.32157
-3.9 43.8897
-3.85 87.1695
-3.8 112.359
-3.75 101.262
-3.7 45.6987
-3.65 -37.1733
-3.6 -100.346
-3.55 -91.2395
-3.5 -3.48224
-3.45 89.1284
-3.4 83.4634
-3.35 -26.0592
-3.3 -98.9919
-3.25 -20.6041
-3.2 90.567
-3.15 35.7661
-3.1 -86.9311
-3.05 -23.821
-3 89.6479
-2.95 -14.2224
-2.9 -76.9142
-2.85 66.2337
-2.8 17.488
-2.75 -77.7727
-2.7 66.5884
-2.65 -7.47356
-2.6 -50.354
-2.55 75.6623
-2.5 -65.8984
-2.45 35.3738
-2.4 -0.446543
-2.35 -28.4059
-2.3 47.5662
-2.25 -57.9204
-2.2 62.1473
-2.15 -62.9105
-2.1 62.0206
-2.05 -60.2041
-2 57.1448
-1.95 -51.6486
-1.9 41.9801
-1.85 -26.5486
-1.8 5.10541
-1.75 19.688
-1.7 -41.1403
-1.65 49.4997
-1.6 -36.6849
-1.55 4.21712
-1.5 31.1082
-1.45 -43.1789
-1.4 18.0842
-1.35 23.9898
-1.3 -38.0832
-1.25 4.65465
-1.2 33.281
-1.15 -18.9891
-1.1 -25.2492
-1.05 21.2694
-1 22.7906
-0.95 -16.0845
-0.9 -24.6932
-0.85 4.01413
-0.8 23.6325
-0.75 12.3967
-0.7 -10.1412
-0.65 -19.4712
-0.6 -11.4245
-0.55 2.87098
-0.5 12.3084
-0.45 13.4269
-0.4 8.84872
-0.35 2.76731
-0.3 -1.97106
-0.25 -4.43854
-0.2 -4.95201
-0.15 -4.24613
-0.1 -2.96631
-0.05 -1.49895
-9.39526e-15 -2.81858e-13
0.05 1.49895
0.1 2.96631
0.15 4.24613
0.2 4.95201
0.25 4.43854
0.3 1.97106
0.35 -2.76731
0.4 -8.84872
0.45 -13.4269
0.5 -12.3084
0.55 -2.87098
0.6 11.4245
0.65 19.4712
0.7 10.1412
0.75 -12.3967
0.8 -23.6325
0.85 -4.01413
0.9 24.6932
0.95 16.0845
1 -22.7906
1.05 -21.2694
1.1 25.2492
1.15 18.9891
1.2 -33.281
1.25 -4.65465
1.3 38.0832
1.35 -23.9898
1.4 -18.0842
1.45 43.1789
1.5 -31.1082
1.55 -4.21712
1.6 36.6849
1.65 -49.4997
1.7 41.1403
1.75 -19.688
1.8 -5.10541
1.85 26.5486
1.9 -41.9801
1.95 51.6486
2 -57.1448
2.05 60.2041
2.1 -62.0206
2.15 62.9105
2.2 -62.1473
2.25 57.9204
2.3 -47.5662
2.35 28.4059
2.4 0.446543
2.45 -35.3738
2.5 65.8984
2.55 -75.6623
2.6 50.354
2.65 7.47356
2.7 -66.5884
2.75 77.7727
2.8 -17.488
2.85 -66.2337
2.9 76.9142
2.95 14.2224
3 -89.6479
3.05 23.821
3.1 86.9311
3.15 -35.7661
3.2 -90.567
3.25 20.6041
3.3 98.9919
3.35 26.0592
3.4 -83.4634
3.45 -89.1284
3.5 3.48224
3.55 91.2395
3.6 100.346
3.65 37.1733
3.7 -45.6987
3.75 -101.262
3.8 -112.359
3.85 -87.1695
3.9 -43.8897
3.95 1.32157
4 39.0938
4.05 66.333
4.1 83.6802
4.15 93.0309
4.2 95.8636
4.25 92.3699
4.3 81.2095
4.35 59.8724
4.4 25.8776
4.45 -20.8727
4.5 -74.6942
4.55 -121.064
4.6 -137.322
4.65 -101.741
4.7 -12.3955
4.75 93.5642
4.8 143.956
4.85 81.1527
4.9 -62.2992
4.95 -148.438
5 -61.2082
