-5 0.958924
-4.95 0.971903
-4.9 0.982453
-4.85 0.990547
-4.8 0.996165
-4.75 0.999293
-4.7 0.999923
-4.65 0.998054
-4.6 0.993691
-4.55 0.986844
-4.5 0.97753
-4.45 0.965773
-4.4 0.951602
-4.35 0.935053
-4.3 0.916166
-4.25 0.894989
-4.2 0.871576
-4.15 0.845984
-4.1 0.818277
-4.05 0.788525
-4 0.756802
-3.95 0.723188
-3.9 0.687766
-3.85 0.650625
-3.8 0.611858
-3.75 0.571561
-3.7 0.529836
-3.65 0.486787
-3.6 0.44252
-3.55 0.397148
-3.5 0.350783
-3.45 0.303542
-3.4 0.255541
-3.35 0.206902
-3.3 0.157746
-3.25 0.108195
-3.2 0.0583741
-3.15 0.00840725
-3.1 -0.0415807
-3.05 -0.0914646
-3 -0.14112
-2.95 -0.190423
-2.9 -0.239249
-2.85 -0.287478
-2.8 -0.334988
-2.75 -0.381661
-2.7 -0.42738
-2.65 -0.472031
-2.6 -0.515501
-2.55 -0.557684
-2.5 -0.598472
-2.45 -0.637765
-2.4 -0.675463
-2.35 -0.711473
-2.3 -0.745705
-2.25 -0.778073
-2.2 -0.808496
-2.15 -0.836899
-2.1 -0.863209
-2.05 -0.887362
-2 -0.909297
-1.95 -0.92896
-1.9 -0.9463
-1.85 -0.961275
-1.8 -0.973848
-1.75 -0.983986
-1.7 -0.991665
-1.65 -0.996865
-1.6 -0.999574
-1.55 -0.999784
-1.5 -0.997495
-1.45 -0.992713
-1.4 -0.98545
-1.35 -0.975723
-1.3 -0.963558
-1.25 -0.948985
-1.2 -0.932039
-1.15 -0.912764
-1.1 -0.891207
-1.05 -0.867423
-1 -0.841471
-0.95 -0.813416
-0.9 -0.783327
-0.85 -0.75128
-0.8 -0.717356
-0.75 -0.681639
-0.7 -0.644218
-0.65 -0.605186
-0.6 -0.564642
-0.55 -0.522687
-0.5 -0.479426
-0.45 -0.434966
-0.4 -0.389418
-0.35 -0.342898
-0.3 -0.29552
-0.25 -0.247404
-0.2 -0.198669
-0.15 -0.149438
-0.1 -0.0998334
-0.05 -0.0499792
-9.39526e-15 -9.39526e-15
0.05 0.0499792
0.1 0.0998334
0.15 0.149438
0.2 0.198669
0.25 0.247404
0.3 0.29552
0.35 0.342898
0.4 0.389418
0.45 0.434966
0.5 0.479426
0.55 0.522687
0.6 0.564642
0.65 0.605186
0.7 0.644218
0.75 0.681639
0.8 0.717356
0.85 0.75128
0.9 0.783327
0.95 0.813416
1 0.841471
1.05 0.867423
1.1 0.891207
1.15 0.912764
1.2 0.932039
1.25 0.948985
1.3 0.963558
1.35 0.975723
1.4 0.98545
1.45 0.992713
1.5 0.997495
1.55 0.999784
1.6 0.999574
1.65 0.996865
1.7 0.991665
1.75 0.983986
1.8 0.973848
1.85 0.961275
1.9 0.9463
1.95 0.92896
2 0.909297
2.05 0.887362
2.1 0.863209
2.15 0.836899
2.2 0.808496
2.25 0.778073
2.3 0.745705
2.35 0.711473
2.4 0.675463
2.45 0.637765
2.5 0.598472
2.55 0.557684
2.6 0.515501
2.65 0.472031
2.7 0.42738
2.75 0.381661
2.8 0.334988
2.85 0.287478
2.9 0.239249
2.95 0.190423
3 0.14112
3.05 0.0914646
3.1 0.0415807
3.15 -0.00840725
3.2 -0.0583741
3.25 -0.108195
3.3 -0.157746
3.35 -0.206902
3.4 -0.255541
3.45 -0.303542
3.5 -0.350783
3.55 -0.397148
3.6 -0.44252
3.65 -0.486787
3.7 -0.529836
3.75 -0.571561
3.8 -0.611858
3.85 -0.650625
3.9 -0.687766
3.95 -0.723188
4 -0.756802
4.05 -0.788525
4.1 -0.818277
4.15 -0.845984
4.2 -0.871576
4.25 -0.894989
4.3 -0.916166
4.35 -0.935053
4.4 -0.951602
4.45 -0.965773
4.5 -0.97753
4.55 -0.986844
4.6 -0.993691
4.65 -0.998054
4.7 -0.999923
4.75 -0.999293
4.8 -0.996165
4.85 -0.990547
4.9 -0.982453
4.95 -0.971903
5 -0.958924
