-4.5 -9.39943e+13
-4.49 -9.21817e+13
-4.48 -9.04005e+13
-4.47 -8.86504e+13
-4.46 -8.69307e+13
-4.45 -8.52412e+13
-4.44 -8.35812e+13
-4.43 -8.19503e+13
-4.42 -8.03481e+13
-4.41 -7.87741e+13
-4.4 -7.72279e+13
-4.39 -7.57091e+13
-4.38 -7.42171e+13
-4.37 -7.27517e+13
-4.36 -7.13123e+13
-4.35 -6.98985e+13
-4.34 -6.85101e+13
-4.33 -6.71464e+13
-4.32 -6.58073e+13
-4.31 -6.44921e+13
-4.3 -6.32007e+13
-4.29 -6.19326e+13
-4.28 -6.06874e+13
-4.27 -5.94647e+13
-4.26 -5.82642e+13
-4.25 -5.70856e+13
-4.24 -5.59285e+13
-4.23 -5.47924e+13
-4.22 -5.36772e+13
-4.21 -5.25824e+13
-4.2 -5.15078e+13
-4.19 -5.04529e+13
-4.18 -4.94175e+13
-4.17 -4.84012e+13
-4.16 -4.74038e+13
-4.15 -4.64249e+13
-4.14 -4.54642e+13
-4.13 -4.45214e+13
-4.12 -4.35962e+13
-4.11 -4.26883e+13
-4.1 -4.17975e+13
-4.09 -4.09234e+13
-4.08 -4.00658e+13
-4.07 -3.92244e+13
-4.06 -3.83989e+13
-4.05 -3.75891e+13
-4.04 -3.67946e+13
-4.03 -3.60153e+13
-4.02 -3.52509e+13
-4.01 -3.4501e+13
-4 -3.37656e+13
-3.99 -3.30442e+13
-3.98 -3.23368e+13
-3.97 -3.1643e+13
-3.96 -3.09626e+13
-3.95 -3.02953e+13
-3.94 -2.96411e+13
-3.93 -2.89996e+13
-3.92 -2.83705e+13
-3.91 -2.77538e+13
-3.9 -2.71492e+13
-3.89 -2.65564e+13
-3.88 -2.59753e+13
-3.87 -2.54056e+13
-3.86 -2.48472e+13
-3.85 -2.42998e+13
-3.84 -2.37634e+13
-3.83 -2.32376e+13
-3.82 -2.27222e+13
-3.81 -2.22172e+13
-3.8 -2.17223e+13
-3.79 -2.12373e+13
-3.78 -2.07621e+13
-3.77 -2.02964e+13
-3.76 -1.98402e+13
-3.75 -1.93932e+13
-3.74 -1.89552e+13
-3.73 -1.85262e+13
-3.72 -1.8106e+13
-3.71 -1.76943e+13
-3.7 -1.7291e+13
-3.69 -1.68961e+13
-3.68 -1.65092e+13
-3.67 -1.61304e+13
-3.66 -1.57594e+13
-3.65 -1.5396e+13
-3.64 -1.50403e+13
-3.63 -1.46919e+13
-3.62 -1.43508e+13
-3.61 -1.40168e+13
-3.6 -1.36898e+13
-3.59 -1.33697e+13
-3.58 -1.30564e+13
-3.57 -1.27496e+13
-3.56 -1.24494e+13
-3.55 -1.21555e+13
-3.54 -1.18679e+13
-3.53 -1.15864e+13
-3.52 -1.1311e+13
-3.51 -1.10414e+13
-3.5 -1.07776e+13
-3.49 -1.05195e+13
-3.48 -1.0267e+13
-3.47 -1.00199e+13
-3.46 -9.77817e+12
-3.45 -9.5417e+12
-3.44 -9.3104e+12
-3.43 -9.08414e+12
-3.42 -8.86283e+12
-3.41 -8.64639e+12
-3.4 -8.43471e+12
-3.39 -8.22769e+12
-3.38 -8.02526e+12
-3.37 -7.82731e+12
-3.36 -7.63376e+12
-3.35 -7.44453e+12
-3.34 -7.25952e+12
-3.33 -7.07865e+12
-3.32 -6.90185e+12
-3.31 -6.72902e+12
-3.3 -6.56009e+12
-3.29 -6.39499e+12
-3.28 -6.23363e+12
-3.27 -6.07593e+12
-3.26 -5.92183e+12
-3.25 -5.77126e+12
-3.24 -5.62413e+12
-3.23 -5.48038e+12
-3.22 -5.33995e+12
-3.21 -5.20275e+12
-3.2 -5.06873e+12
-3.19 -4.93783e+12
-3.18 -4.80997e+12
-3.17 -4.68509e+12
-3.16 -4.56313e+12
-3.15 -4.44403e+12
-3.14 -4.32774e+12
-3.13 -4.21419e+12
-3.12 -4.10332e+12
-3.11 -3.99508e+12
-3.1 -3.88941e+12
-3.09 -3.78626e+12
-3.08 -3.68558e+12
-3.07 -3.58731e+12
-3.06 -3.4914e+12
-3.05 -3.3978e+12
-3.04 -3.30646e+12
-3.03 -3.21733e+12
-3.02 -3.13037e+12
-3.01 -3.04553e+12
-3 -2.96276e+12
-2.99 -2.88201e+12
-2.98 -2.80325e+12
-2.97 -2.72643e+12
-2.96 -2.6515e+12
-2.95 -2.57843e+12
-2.94 -2.50718e+12
-2.93 -2.4377e+12
-2.92 -2.36995e+12
-2.91 -2.3039e+12
-2.9 -2.23951e+12
-2.89 -2.17675e+12
-2.88 -2.11556e+12
-2.87 -2.05593e+12
-2.86 -1.99781e+12
-2.85 -1.94117e+12
-2.84 -1.88598e+12
-2.83 -1.8322e+12
-2.82 -1.77981e+12
-2.81 -1.72876e+12
-2.8 -1.67903e+12
-2.79 -1.6306e+12
-2.78 -1.58342e+12
-2.77 -1.53747e+12
-2.76 -1.49272e+12
-2.75 -1.44915e+12
-2.74 -1.40672e+12
-2.73 -1.36542e+12
-2.72 -1.3252e+12
-2.71 -1.28605e+12
-2.7 -1.24795e+12
-2.69 -1.21086e+12
-2.68 -1.17477e+12
-2.67 -1.13964e+12
-2.66 -1.10546e+12
-2.65 -1.07221e+12
-2.64 -1.03985e+12
-2.63 -1.00838e+12
-2.62 -9.77765e+11
-2.61 -9.47988e+11
-2.6 -9.19027e+11
-2.59 -8.90864e+11
-2.58 -8.63479e+11
-2.57 -8.36852e+11
-2.56 -8.10965e+11
-2.55 -7.858e+11
-2.54 -7.61339e+11
-2.53 -7.37563e+11
-2.52 -7.14457e+11
-2.51 -6.92003e+11
-2.5 -6.70186e+11
-2.49 -6.48987e+11
-2.48 -6.28394e+11
-2.47 -6.08389e+11
-2.46 -5.88958e+11
-2.45 -5.70086e+11
-2.44 -5.51759e+11
-2.43 -5.33964e+11
-2.42 -5.16685e+11
-2.41 -4.9991e+11
-2.4 -4.83626e+11
-2.39 -4.6782e+11
-2.38 -4.5248e+11
-2.37 -4.37593e+11
-2.36 -4.23147e+11
-2.35 -4.09131e+11
-2.34 -3.95534e+11
-2.33 -3.82344e+11
-2.32 -3.6955e+11
-2.31 -3.57142e+11
-2.3 -3.45109e+11
-2.29 -3.33442e+11
-2.28 -3.2213e+11
-2.27 -3.11164e+11
-2.26 -3.00535e+11
-2.25 -2.90233e+11
-2.24 -2.80249e+11
-2.23 -2.70574e+11
-2.22 -2.61201e+11
-2.21 -2.5212e+11
-2.2 -2.43323e+11
-2.19 -2.34804e+11
-2.18 -2.26553e+11
-2.17 -2.18563e+11
-2.16 -2.10828e+11
-2.15 -2.03339e+11
-2.14 -1.9609e+11
-2.13 -1.89073e+11
-2.12 -1.82283e+11
-2.11 -1.75713e+11
-2.1 -1.69356e+11
-2.09 -1.63207e+11
-2.08 -1.57258e+11
-2.07 -1.51506e+11
-2.06 -1.45942e+11
-2.05 -1.40563e+11
-2.04 -1.35363e+11
-2.03 -1.30336e+11
-2.02 -1.25477e+11
-2.01 -1.20781e+11
-2 -1.16244e+11
-1.99 -1.11861e+11
-1.98 -1.07626e+11
-1.97 -1.03536e+11
-1.96 -9.95861e+10
-1.95 -9.57719e+10
-1.94 -9.20894e+10
-1.93 -8.85345e+10
-1.92 -8.51033e+10
-1.91 -8.17919e+10
-1.9 -7.85967e+10
-1.89 -7.5514e+10
-1.88 -7.25402e+10
-1.87 -6.9672e+10
-1.86 -6.69061e+10
-1.85 -6.42391e+10
-1.84 -6.16679e+10
-1.83 -5.91894e+10
-1.82 -5.68008e+10
-1.81 -5.4499e+10
-1.8 -5.22813e+10
-1.79 -5.0145e+10
-1.78 -4.80873e+10
-1.77 -4.61057e+10
-1.76 -4.41977e+10
-1.75 -4.23609e+10
-1.74 -4.05929e+10
-1.73 -3.88915e+10
-1.72 -3.72543e+10
-1.71 -3.56792e+10
-1.7 -3.41641e+10
-1.69 -3.27071e+10
-1.68 -3.1306e+10
-1.67 -2.9959e+10
-1.66 -2.86643e+10
-1.65 -2.742e+10
-1.64 -2.62244e+10
-1.63 -2.50758e+10
-1.62 -2.39726e+10
-1.61 -2.29131e+10
-1.6 -2.18958e+10
-1.59 -2.09192e+10
-1.58 -1.99819e+10
-1.57 -1.90824e+10
-1.56 -1.82194e+10
-1.55 -1.73916e+10
-1.54 -1.65977e+10
-1.53 -1.58365e+10
-1.52 -1.51068e+10
-1.51 -1.44073e+10
-1.5 -1.37371e+10
-1.49 -1.3095e+10
-1.48 -1.24799e+10
-1.47 -1.18908e+10
-1.46 -1.13269e+10
-1.45 -1.0787e+10
-1.44 -1.02703e+10
-1.43 -9.77598e+09
-1.42 -9.30307e+09
-1.41 -8.85079e+09
-1.4 -8.41833e+09
-1.39 -8.00491e+09
-1.38 -7.6098e+09
-1.37 -7.23227e+09
-1.36 -6.87163e+09
-1.35 -6.52719e+09
-1.34 -6.19833e+09
-1.33 -5.8844e+09
-1.32 -5.5848e+09
-1.31 -5.29895e+09
-1.3 -5.0263e+09
-1.29 -4.76629e+09
-1.28 -4.51841e+09
-1.27 -4.28215e+09
-1.26 -4.05703e+09
-1.25 -3.84257e+09
-1.24 -3.63834e+09
-1.23 -3.4439e+09
-1.22 -3.25882e+09
-1.21 -3.08271e+09
-1.2 -2.91518e+09
-1.19 -2.75586e+09
-1.18 -2.60439e+09
-1.17 -2.46043e+09
-1.16 -2.32364e+09
-1.15 -2.19371e+09
-1.14 -2.07032e+09
-1.13 -1.9532e+09
-1.12 -1.84205e+09
-1.11 -1.7366e+09
-1.1 -1.6366e+09
-1.09 -1.54178e+09
-1.08 -1.45193e+09
-1.07 -1.36679e+09
-1.06 -1.28615e+09
-1.05 -1.20981e+09
-1.04 -1.13755e+09
-1.03 -1.06918e+09
-1.02 -1.00452e+09
-1.01 -9.43379e+08
-1 -8.85597e+08
-0.99 -8.31007e+08
-0.98 -7.79452e+08
-0.97 -7.30781e+08
-0.96 -6.8485e+08
-0.95 -6.41523e+08
-0.94 -6.00667e+08
-0.93 -5.62158e+08
-0.92 -5.25875e+08
-0.91 -4.91705e+08
-0.9 -4.59536e+08
-0.89 -4.29266e+08
-0.88 -4.00793e+08
-0.87 -3.74024e+08
-0.86 -3.48868e+08
-0.85 -3.25237e+08
-0.84 -3.0305e+08
-0.83 -2.82228e+08
-0.82 -2.62697e+08
-0.81 -2.44384e+08
-0.8 -2.27223e+08
-0.79 -2.11149e+08
-0.78 -1.961e+08
-0.77 -1.82019e+08
-0.76 -1.6885e+08
-0.75 -1.5654e+08
-0.74 -1.4504e+08
-0.73 -1.34302e+08
-0.72 -1.24281e+08
-0.71 -1.14934e+08
-0.7 -1.06222e+08
-0.69 -9.81052e+07
-0.68 -9.05481e+07
-0.67 -8.35161e+07
-0.66 -7.69768e+07
-0.65 -7.08994e+07
-0.64 -6.52549e+07
-0.63 -6.00158e+07
-0.62 -5.51563e+07
-0.61 -5.06517e+07
-0.6 -4.64791e+07
-0.59 -4.26166e+07
-0.58 -3.90437e+07
-0.57 -3.57411e+07
-0.56 -3.26906e+07
-0.55 -2.98751e+07
-0.54 -2.72783e+07
-0.53 -2.48853e+07
-0.52 -2.26817e+07
-0.51 -2.06542e+07
-0.5 -1.87902e+07
-0.49 -1.70781e+07
-0.48 -1.55068e+07
-0.47 -1.40659e+07
-0.46 -1.27459e+07
-0.45 -1.15378e+07
-0.44 -1.04329e+07
-0.43 -9.42363e+06
-0.42 -8.50246e+06
-0.41 -7.66259e+06
-0.4 -6.89761e+06
-0.39 -6.20158e+06
-0.38 -5.56896e+06
-0.37 -4.99461e+06
-0.36 -4.47375e+06
-0.35 -4.00194e+06
-0.34 -3.57506e+06
-0.33 -3.1893e+06
-0.32 -2.84113e+06
-0.31 -2.52729e+06
-0.3 -2.24476e+06
-0.29 -1.99077e+06
-0.28 -1.76273e+06
-0.27 -1.55829e+06
-0.26 -1.37527e+06
-0.25 -1.21168e+06
-0.24 -1.06566e+06
-0.23 -935551
-0.22 -819794
-0.21 -716982
-0.2 -625824
-0.19 -545143
-0.18 -473865
-0.17 -411012
-0.16 -355698
-0.15 -307116
-0.14 -264534
-0.13 -227293
-0.12 -194795
-0.11 -166501
-0.1 -141925
-0.09 -120633
-0.08 -102232
-0.07 -86371.8
-0.06 -72739.9
-0.05 -61056.5
-0.04 -51073.1
-0.03 -42568.7
-0.02 -35347.8
-0.01 -29237.3
-5.16497e-14 -24084.7
0.01 -19755.8
0.02 -16132.9
0.03 -13113.1
0.04 -10606.6
0.05 -8535.37
0.06 -6831.79
0.07 -5437.42
0.08 -4302.03
0.09 -3382.51
0.1 -2642.08
0.11 -2049.45
0.12 -1578.16
0.13 -1205.88
0.14 -913.93
0.15 -686.712
0.16 -511.304
0.17 -377.054
0.18 -275.245
0.19 -198.791
0.2 -141.974
0.21 -100.218
0.22 -69.8941
0.23 -48.1499
0.24 -32.7685
0.25 -22.0451
0.26 -14.6851
0.27 -9.71861
0.28 -6.42977
0.29 -4.29845
0.3 -2.9533
0.31 -2.13407
0.32 -1.66175
0.33 -1.41545
0.34 -1.31475
0.35 -1.30657
0.36 -1.3556
0.37 -1.43773
0.38 -1.53554
0.39 -1.63562
0.4 -1.72699
0.41 -1.80036
0.42 -1.84799
0.43 -1.86377
0.44 -1.84347
0.45 -1.7849
0.46 -1.68805
0.47 -1.55505
0.48 -1.39
0.49 -1.19858
0.5 -0.987685
0.51 -0.764818
0.52 -0.537588
0.53 -0.31317
0.54 -0.0978503
0.55 0.10331
0.56 0.286675
0.57 0.450082
0.58 0.592748
0.59 0.715073
0.6 0.818397
0.61 0.904813
0.62 0.977151
0.63 1.03932
0.64 1.09721
0.65 1.16034
0.66 1.24471
0.67 1.37693
0.68 1.60035
0.69 1.98325
0.7 2.62992
0.71 3.6949
0.72 5.40115
0.73 8.06268
0.74 12.1123
0.75 18.1355
0.76 26.9107
0.77 39.4574
0.78 57.0922
0.79 81.4953
0.8 114.786
0.81 159.61
0.82 219.241
0.83 297.692
0.84 399.844
0.85 531.592
0.86 700.003
0.87 913.499
0.88 1182.05
0.89 1517.41
0.9 1933.33
0.91 2445.86
0.92 3073.6
0.93 3838.05
0.94 4763.95
0.95 5879.62
0.96 7217.41
0.97 8814.1
0.98 10711.4
0.99 12956.3
1 15602.1
1.01 18708.1
1.02 22341.1
1.03 26575.5
1.04 31494.4
1.05 37189.8
1.06 43763.8
1.07 51329.2
1.08 60010.6
1.09 69944.8
1.1 81282.5
1.11 94188.5
1.12 108843
1.13 125443
1.14 144203
1.15 165357
1.16 189158
1.17 215880
1.18 245821
1.19 279301
1.2 316668
1.21 358294
1.22 404580
1.23 455956
1.24 512884
1.25 575858
1.26 645407
1.27 722094
1.28 806522
1.29 899328
1.3 1.0012e+06
1.31 1.11285e+06
1.32 1.23505e+06
1.33 1.36861e+06
1.34 1.5144e+06
1.35 1.67331e+06
1.36 1.84631e+06
1.37 2.03441e+06
1.38 2.23868e+06
1.39 2.46021e+06
1.4 2.70021e+06
1.41 2.95988e+06
1.42 3.24053e+06
1.43 3.54351e+06
1.44 3.87022e+06
1.45 4.22214e+06
1.46 4.60081e+06
1.47 5.00783e+06
1.48 5.44486e+06
1.49 5.91364e+06
1.5 6.41595e+06
1.51 6.95366e+06
1.52 7.52869e+06
1.53 8.14303e+06
1.54 8.79874e+06
1.55 9.49793e+06
1.56 1.02428e+07
1.57 1.10356e+07
1.58 1.18785e+07
1.59 1.2774e+07
1.6 1.37245e+07
1.61 1.47325e+07
1.62 1.58004e+07
1.63 1.69308e+07
1.64 1.81263e+07
1.65 1.93896e+07
1.66 2.07232e+07
1.67 2.213e+07
1.68 2.36126e+07
1.69 2.51738e+07
1.7 2.68162e+07
1.71 2.85426e+07
1.72 3.03558e+07
1.73 3.22584e+07
1.74 3.42531e+07
1.75 3.63425e+07
1.76 3.85292e+07
1.77 4.08157e+07
1.78 4.32044e+07
1.79 4.56976e+07
1.8 4.82976e+07
1.81 5.10064e+07
1.82 5.3826e+07
1.83 5.67582e+07
1.84 5.98044e+07
1.85 6.29662e+07
1.86 6.62447e+07
1.87 6.96406e+07
1.88 7.31548e+07
1.89 7.67874e+07
1.9 8.05384e+07
1.91 8.44074e+07
1.92 8.83936e+07
1.93 9.24957e+07
1.94 9.67121e+07
1.95 1.01041e+08
1.96 1.05478e+08
1.97 1.10022e+08
1.98 1.14667e+08
1.99 1.1941e+08
2 1.24244e+08
2.01 1.29164e+08
2.02 1.34162e+08
2.03 1.39232e+08
2.04 1.44363e+08
2.05 1.49546e+08
2.06 1.5477e+08
2.07 1.60022e+08
2.08 1.65291e+08
2.09 1.70561e+08
2.1 1.75815e+08
2.11 1.81038e+08
2.12 1.86209e+08
2.13 1.91309e+08
2.14 1.96316e+08
2.15 2.01204e+08
2.16 2.05949e+08
2.17 2.10523e+08
2.18 2.14895e+08
2.19 2.19034e+08
2.2 2.22905e+08
2.21 2.26471e+08
2.22 2.29694e+08
2.23 2.3253e+08
2.24 2.34934e+08
2.25 2.3686e+08
2.26 2.38256e+08
2.27 2.39067e+08
2.28 2.39237e+08
2.29 2.38704e+08
2.3 2.37403e+08
2.31 2.35265e+08
2.32 2.32218e+08
2.33 2.28184e+08
2.34 2.23082e+08
2.35 2.16826e+08
2.36 2.09325e+08
2.37 2.00482e+08
2.38 1.90198e+08
2.39 1.78364e+08
2.4 1.64868e+08
2.41 1.49592e+08
2.42 1.32412e+08
2.43 1.13196e+08
2.44 9.18061e+07
2.45 6.80982e+07
2.46 4.192e+07
2.47 1.31119e+07
2.48 -1.84934e+07
2.49 -5.30716e+07
2.5 -9.08067e+07
2.51 -1.31892e+08
2.52 -1.76528e+08
2.53 -2.24928e+08
2.54 -2.77312e+08
2.55 -3.33912e+08
2.56 -3.9497e+08
2.57 -4.60739e+08
2.58 -5.31483e+08
2.59 -6.07479e+08
2.6 -6.89015e+08
2.61 -7.76391e+08
2.62 -8.69923e+08
2.63 -9.69938e+08
2.64 -1.07678e+09
2.65 -1.1908e+09
2.66 -1.31237e+09
2.67 -1.44188e+09
2.68 -1.57973e+09
2.69 -1.72634e+09
2.7 -1.88215e+09
2.71 -2.04761e+09
2.72 -2.2232e+09
2.73 -2.4094e+09
2.74 -2.60673e+09
2.75 -2.81572e+09
2.76 -3.03692e+09
2.77 -3.2709e+09
2.78 -3.51826e+09
2.79 -3.77963e+09
2.8 -4.05563e+09
2.81 -4.34694e+09
2.82 -4.65426e+09
2.83 -4.97829e+09
2.84 -5.31978e+09
2.85 -5.67951e+09
2.86 -6.05828e+09
2.87 -6.45691e+09
2.88 -6.87627e+09
2.89 -7.31725e+09
2.9 -7.78076e+09
2.91 -8.26778e+09
2.92 -8.77928e+09
2.93 -9.31629e+09
2.94 -9.87987e+09
2.95 -1.04711e+10
2.96 -1.10912e+10
2.97 -1.17412e+10
2.98 -1.24225e+10
2.99 -1.31361e+10
3 -1.38836e+10
3.01 -1.46661e+10
3.02 -1.54851e+10
3.03 -1.63421e+10
3.04 -1.72384e+10
3.05 -1.81757e+10
3.06 -1.91555e+10
3.07 -2.01794e+10
3.08 -2.12491e+10
3.09 -2.23665e+10
3.1 -2.35332e+10
3.11 -2.47511e+10
3.12 -2.60221e+10
3.13 -2.73482e+10
3.14 -2.87315e+10
3.15 -3.01741e+10
3.16 -3.1678e+10
3.17 -3.32456e+10
3.18 -3.48791e+10
3.19 -3.65809e+10
3.2 -3.83534e+10
3.21 -4.01992e+10
3.22 -4.21209e+10
3.23 -4.41211e+10
3.24 -4.62026e+10
3.25 -4.83682e+10
3.26 -5.06209e+10
3.27 -5.29636e+10
3.28 -5.53995e+10
3.29 -5.79316e+10
3.3 -6.05634e+10
3.31 -6.32981e+10
3.32 -6.61393e+10
3.33 -6.90905e+10
3.34 -7.21553e+10
3.35 -7.53376e+10
3.36 -7.86413e+10
3.37 -8.20703e+10
3.38 -8.56287e+10
3.39 -8.93208e+10
3.4 -9.31509e+10
3.41 -9.71235e+10
3.42 -1.01243e+11
3.43 -1.05514e+11
3.44 -1.09942e+11
3.45 -1.14532e+11
3.46 -1.19288e+11
3.47 -1.24216e+11
3.48 -1.29322e+11
3.49 -1.3461e+11
3.5 -1.40087e+11
3.51 -1.45758e+11
3.52 -1.51629e+11
3.53 -1.57707e+11
3.54 -1.63997e+11
3.55 -1.70507e+11
3.56 -1.77243e+11
3.57 -1.84211e+11
3.58 -1.91419e+11
3.59 -1.98874e+11
3.6 -2.06583e+11
3.61 -2.14554e+11
3.62 -2.22794e+11
3.63 -2.31312e+11
3.64 -2.40115e+11
3.65 -2.49212e+11
3.66 -2.58612e+11
3.67 -2.68322e+11
3.68 -2.78353e+11
3.69 -2.88713e+11
3.7 -2.99412e+11
3.71 -3.10459e+11
3.72 -3.21865e+11
3.73 -3.33639e+11
3.74 -3.45791e+11
3.75 -3.58334e+11
3.76 -3.71276e+11
3.77 -3.8463e+11
3.78 -3.98408e+11
3.79 -4.12619e+11
3.8 -4.27278e+11
3.81 -4.42395e+11
3.82 -4.57984e+11
3.83 -4.74057e+11
3.84 -4.90627e+11
3.85 -5.07709e+11
3.86 -5.25315e+11
3.87 -5.43459e+11
3.88 -5.62157e+11
3.89 -5.81423e+11
3.9 -6.01272e+11
3.91 -6.2172e+11
3.92 -6.42782e+11
3.93 -6.64474e+11
3.94 -6.86813e+11
3.95 -7.09816e+11
3.96 -7.335e+11
3.97 -7.57883e+11
3.98 -7.82982e+11
3.99 -8.08817e+11
4 -8.35406e+11
4.01 -8.62769e+11
4.02 -8.90925e+11
4.03 -9.19894e+11
4.04 -9.49697e+11
4.05 -9.80355e+11
4.06 -1.01189e+12
4.07 -1.04432e+12
4.08 -1.07768e+12
4.09 -1.11197e+12
4.1 -1.14724e+12
4.11 -1.18349e+12
4.12 -1.22077e+12
4.13 -1.25908e+12
4.14 -1.29846e+12
4.15 -1.33893e+12
4.16 -1.38052e+12
4.17 -1.42325e+12
4.18 -1.46716e+12
4.19 -1.51227e+12
4.2 -1.55861e+12
4.21 -1.60622e+12
4.22 -1.65511e+12
4.23 -1.70532e+12
4.24 -1.75689e+12
4.25 -1.80984e+12
4.26 -1.8642e+12
4.27 -1.92002e+12
4.28 -1.97732e+12
4.29 -2.03615e+12
4.3 -2.09652e+12
4.31 -2.15849e+12
4.32 -2.22208e+12
4.33 -2.28734e+12
4.34 -2.3543e+12
4.35 -2.42301e+12
4.36 -2.4935e+12
4.37 -2.56581e+12
4.38 -2.63998e+12
4.39 -2.71607e+12
4.4 -2.7941e+12
4.41 -2.87412e+12
4.42 -2.95619e+12
4.43 -3.04034e+12
4.44 -3.12662e+12
4.45 -3.21508e+12
4.46 -3.30576e+12
4.47 -3.39872e+12
4.48 -3.49401e+12
4.49 -3.59168e+12
4.5 -3.69177e+12
4.51 -3.79435e+12
4.52 -3.89947e+12
4.53 -4.00718e+12
4.54 -4.11754e+12
4.55 -4.2306e+12
4.56 -4.34643e+12
4.57 -4.46509e+12
4.58 -4.58663e+12
4.59 -4.71111e+12
4.6 -4.83861e+12
4.61 -4.96918e+12
4.62 -5.10289e+12
4.63 -5.2398e+12
4.64 -5.37999e+12
4.65 -5.52352e+12
4.66 -5.67046e+12
4.67 -5.82089e+12
4.68 -5.97487e+12
4.69 -6.13249e+12
4.7 -6.29381e+12
4.71 -6.45891e+12
4.72 -6.62788e+12
4.73 -6.80078e+12
4.74 -6.97771e+12
4.75 -7.15874e+12
4.76 -7.34396e+12
4.77 -7.53346e+12
4.78 -7.72732e+12
4.79 -7.92562e+12
4.8 -8.12846e+12
4.81 -8.33594e+12
4.82 -8.54814e+12
4.83 -8.76516e+12
4.84 -8.98709e+12
4.85 -9.21404e+12
4.86 -9.4461e+12
4.87 -9.68338e+12
4.88 -9.92597e+12
4.89 -1.0174e+13
4.9 -1.04275e+13
4.91 -1.06867e+13
4.92 -1.09517e+13
4.93 -1.12225e+13
4.94 -1.14993e+13
4.95 -1.17821e+13
4.96 -1.20712e+13
4.97 -1.23666e+13
4.98 -1.26685e+13
4.99 -1.2977e+13
5 -1.32921e+13
5.01 -1.36141e+13
5.02 -1.39431e+13
5.03 -1.42791e+13
5.04 -1.46224e+13
5.05 -1.49731e+13
5.06 -1.53313e+13
5.07 -1.56971e+13
5.08 -1.60707e+13
5.09 -1.64523e+13
5.1 -1.68419e+13
5.11 -1.72398e+13
5.12 -1.76461e+13
5.13 -1.8061e+13
5.14 -1.84846e+13
5.15 -1.8917e+13
5.16 -1.93585e+13
5.17 -1.98092e+13
5.18 -2.02692e+13
5.19 -2.07389e+13
5.2 -2.12182e+13
5.21 -2.17074e+13
5.22 -2.22068e+13
5.23 -2.27164e+13
5.24 -2.32364e+13
5.25 -2.37671e+13
5.26 -2.43086e+13
5.27 -2.48611e+13
5.28 -2.54249e+13
5.29 -2.60001e+13
5.3 -2.65869e+13
5.31 -2.71856e+13
5.32 -2.77963e+13
5.33 -2.84193e+13
5.34 -2.90548e+13
5.35 -2.9703e+13
5.36 -3.03641e+13
5.37 -3.10384e+13
5.38 -3.1726e+13
5.39 -3.24273e+13
5.4 -3.31425e+13
5.41 -3.38717e+13
5.42 -3.46153e+13
5.43 -3.53735e+13
5.44 -3.61466e+13
5.45 -3.69348e+13
5.46 -3.77383e+13
5.47 -3.85575e+13
5.48 -3.93926e+13
5.49 -4.02438e+13
5.5 -4.11115e+13
